$ 1 0.000005 10.20027730826997 50 5 50 5e-11
s 720 592 720 656 0 1 false
g 240 688 240 752 0 0
R 912 336 944 336 0 0 40 5 0 0 0.5
162 720 448 720 528 2 default-led 1 0 0 0.01
r 720 592 720 528 0 220
w 720 656 720 688 0
w 800 656 800 688 0
r 800 592 800 528 0 220
162 800 448 800 528 2 default-led 1 0 0 0.01
s 800 592 800 656 0 1 false
162 640 448 640 528 2 default-led 1 0 0 0.01
r 640 592 640 528 0 220
w 640 656 640 688 0
w 560 656 560 688 0
r 560 592 560 528 0 220
162 560 448 560 528 2 default-led 1 0 0 0.01
s 560 592 560 656 0 1 false
s 240 592 240 656 0 0 false
162 240 448 240 528 2 default-led 1 0 0 0.01
r 240 592 240 528 0 220
w 240 656 240 688 0
w 320 656 320 688 0
r 320 592 320 528 0 220
162 320 448 320 528 2 default-led 1 0 0 0.01
s 320 592 320 656 0 1 false
s 480 592 480 656 0 1 false
162 480 448 480 528 2 default-led 1 0 0 0.01
r 480 592 480 528 0 220
w 480 656 480 688 0
w 400 656 400 688 0
r 400 592 400 528 0 220
162 400 448 400 528 2 default-led 1 0 0 0.01
s 400 592 400 656 0 1 false
w 240 336 320 336 0
w 320 336 400 336 0
w 400 336 480 336 0
w 480 336 560 336 0
w 560 336 640 336 0
w 640 336 720 336 0
w 720 336 800 336 0
w 240 688 320 688 0
w 320 688 400 688 0
w 400 688 480 688 0
w 480 688 560 688 0
w 560 688 640 688 0
w 640 688 720 688 0
w 720 688 800 688 0
370 912 336 800 336 3 0 0
370 240 336 240 432 3 0 0
370 400 336 400 432 3 0 0
370 320 384 320 448 3 0 0
370 560 336 560 432 3 0 0
370 640 384 640 448 3 0 0
370 480 384 480 448 3 0 0
370 800 384 800 448 3 0 0
370 720 336 720 432 3 0 0
w 240 432 240 448 0
w 320 384 320 336 0
w 400 432 400 448 0
w 480 384 480 336 0
w 560 432 560 448 0
w 640 384 640 336 0
w 800 384 800 336 0
w 720 432 720 448 0
p 160 448 160 528 3 0 0 10000000
w 160 448 160 336 0
w 160 528 240 528 0
p 160 528 160 608 3 0 0 10000000
w 240 688 160 688 0
w 160 608 160 688 0
p 112 480 112 576 3 0 0 10000000
w 112 576 112 688 0
w 112 688 160 688 0
w 112 480 112 336 0
w 160 336 240 336 0
w 112 336 160 336 0
s 640 592 640 656 0 1 false
