$ 1 0.000005 10.20027730826997 50 5 50 5e-11
w 496 400 592 400 0
w 496 464 496 496 0
d 560 496 496 496 2 default
w 368 544 496 544 0
w 592 464 592 496 0
d 656 496 592 496 2 default
w 656 496 656 368 0
w 688 464 688 496 0
d 752 496 688 496 2 default
w 752 496 752 368 0
d 560 640 496 640 2 default
w 496 608 496 640 0
w 368 688 496 688 0
d 656 640 592 640 2 default
w 592 608 592 640 0
d 752 640 688 640 2 default
w 688 608 688 640 0
d 560 784 496 784 2 default
w 496 752 496 784 0
d 656 784 592 784 2 default
w 592 752 592 784 0
d 752 784 688 784 2 default
w 688 752 688 784 0
r 560 368 560 304 0 220
r 656 368 656 304 0 220
r 752 368 752 304 0 220
162 560 224 560 304 2 default-led 1 0 0 0.01
162 656 224 656 304 2 default-led 1 0 0 0.01
162 752 224 752 304 2 default-led 1 0 0 0.01
w 656 224 752 224 0
R 848 224 928 224 0 0 40 5 0 0 0.5
w 496 688 592 688 0
w 592 688 688 688 0
w 592 400 688 400 0
w 496 544 592 544 0
w 592 544 688 544 0
w 752 224 848 224 0
w 560 640 560 784 0
w 656 640 656 784 0
w 752 640 752 784 0
w 560 224 656 224 0
w 368 400 496 400 0
S 368 400 304 400 0 0 false 0 2
S 368 544 304 544 0 1 false 0 2
S 368 688 304 688 0 1 false 0 2
w 304 384 256 384 0
w 256 384 256 224 0
w 256 224 560 224 0
w 256 384 256 528 0
w 256 528 304 528 0
w 256 528 256 672 0
w 256 672 304 672 0
w 304 416 224 416 0
w 304 560 224 560 0
w 304 704 224 704 0
w 224 704 224 560 0
w 224 560 224 416 0
w 224 704 224 752 0
g 224 752 224 816 0 0
w 560 368 560 496 0
s 496 400 496 464 0 0 false
s 592 400 592 464 0 0 false
s 688 400 688 464 0 1 false
s 496 544 496 608 0 0 false
s 592 544 592 608 0 1 false
s 688 544 688 608 0 0 false
w 560 496 560 640 0
w 656 496 656 640 0
w 752 496 752 640 0
s 592 688 592 752 0 0 false
s 688 688 688 752 0 0 false
s 496 688 496 752 0 1 false
