$ 1 0.000005 10.20027730826997 50 5 50 5e-11
w 480 400 640 400 0
w 480 544 480 400 0
w 480 752 640 752 0
p 480 544 480 640 3 0 0 10000000
w 544 672 544 720 0
p 544 592 544 672 3 0 0 10000000
w 544 592 640 592 0
w 544 512 640 512 0
p 544 512 544 592 3 0 0 10000000
w 640 496 640 512 0
370 640 400 640 496 3 0 0
370 752 400 640 400 3 0 0
w 640 720 640 752 0
r 640 656 640 592 0 220
162 640 512 640 592 2 default-led 1 0 0 0.01
s 640 656 640 720 0 1 false
R 752 400 784 400 0 0 40 5 0 0 0.5
g 640 752 640 816 0 0
w 544 720 640 720 0
w 480 752 480 640 0
